5
8
9
10
11
12
13
15
16
17
18
21
23
25
26
27
30
32
33
34
35
36
39
40
43
44
47
48
50
52
54
55
56
57
58
60
61
64
66
67
69
70
72
73
74
75
78
79
80
83
84
86
88
89
90
91
92
94
96
97
102
103
104
105
108
109
110
111
115
117
118
120
121
123
126
128
130
132
133
137
140
141
142
143
149
150
152
153
154
155
157
160
162
164
165
168
169
170
171
172
174
176
179
180
182
183
185
186
187
189
190
193
194
195
196
197
198
199
202
203
204
206
207
209
213
215
218
220
221
226
227
230
233
235
237
238
239
240
242
243
244
248
250
252
253
256
257
258
259
260
261
263
264
265
269
270
273
278
280
281
283
284
285
287
288
290
291
292
294
295
296
297
300
301
302
303
306
309
314
315
316
317
319
320
321
323
324
326
327
329
330
331
332
333
335
336
337
339
