10
101
102
103
104
105
106
108
109
11
110
111
112
113
115
116
117
118
119
12
120
121
122
123
124
125
126
127
128
129
13
130
132
133
135
136
137
139
140
141
141
142
143
144
145
149
15
150
151
152
153
154
155
157
158
159
16
160
160
161
162
163
164
165
166
168
169
17
170
171
172
174
175
176
178
179
18
180
181
182
183
185
186
187
189
190
192
193
194
195
196
197
198
199
2
20
201
202
203
204
205
206
207
208
209
21
213
214
215
216
217
218
220
221
222
223
224
226
227
23
230
231
232
233
234
235
237
238
239
24
240
242
243
244
246
247
248
25
250
251
252
253
254
255
257
258
259
26
260
261
262
263
264
265
266
268
269
27
270
271
272
273
274
275
276
277
278
280
281
282
283
284
285
287
288
289
29
290
291
292
293
294
295
296
297
299
30
300
301
302
303
303
305
306
308
309
31
312
313
314
315
316
317
318
319
32
320
321
322
323
324
325
326
327
329
33
330
331
332
333
335
336
337
338
339
34
35
36
39
4
40
41
43
44
46
47
48
5
50
51
52
53
54
55
56
57
58
60
61
63
64
66
67
69
70
72
73
74
75
76
77
78
79
8
80
81
83
84
86
88
89
9
90
91
92
93
94
95
96
97
98
99
