 2
 4
 5
 8
 9
 10
 11
 12 
 13
 15
 16
 17
 18
 21
 23
 24
 25
 26
 27
 29
 30
 32
 33
 34
 35
 36
 39
 40
 43
 44
 47
 48
 50
 51
 52
 54
 55
 56
 57
 58
 60
 61
 64
 66
 67
 69
 70
 72
 73
 74
 75
 78
 79
 80
 83
 84
 86
 88
 89
 90
 91
 92
 93
 94
 96
 97
 99
 101
 102
 103
 104
 105
 106
 108
 109
 110
 111
 112
 115
 116
 117
 118
 120
 121
 122
 123
 125
 126
 128
 130
 132
 133
 135
 136
 137
 140
 141
 142
 143
 145
 149
 150
 151
 152 
 153
 154
 155
 157
 160
 161
 162
 163
 164
 165
 168
 169
 170
 171
 172
 174
 175 
 176
 179
 180
 182
 183
 185
 186
 187
 189
 190
 193
 194
 195
 196
 197
 198
 199
 201
 202
 203
 204
 206
 207
 209
 213
 215
 216
 217
 218
 220
 221
 223
 224
 226
 227
 230
 231
 233
 235
 237
 238
 239
 240
 242 
 243
 244
 247
 248
 250
 252
 253
 254
 255
 257
 258
 259
 260
 261
 262
 263
 264
 265
 266
 269
 270
 273
 274
 276
 277
 278
 280
 281
 282
 283
 284
 285
 287
 288
 289
 290
 291
 292
 294
 295
 296
 297
 299
 300
 301
 302
 303 
 306
 308
 309
 313
 314
 315
 316
 317
 319
 320
 321
 323
 324
 325
 326
 327
 329
 330
 331
 332
 333
 335
 336
 337
 339
