256 142
256 86
256 273
142 69
142 226
69 10
69 323
323 248
248 235
248 58
235 133
133 285
133 264
133 198
285 182
182 23
182 84
69 323
323 248
10 123
10 154
123 278
123 232
278 248
84 270
84 40
40 314
314 302
314 102
314 128
302 128
302 186
128 75
75 90
75 213
90 336
336 44
336 333
333 39
333 141
39 169
39 218
169 105
169 218
105 303 
105 247
303 88
88 141
141 44
141 34
44 171
44 250
171 263
171 108
263 140
140 8
140 317
140 206
8 317
317 67
317 297
317 121
67 215
215 33
215 238
215 309
33 332
33 224
332 160
160 269
269 34
34 203
34 13
203 126
126 329
126 261
329 316
329 132
316 253
316 92
253 52
253 109
52 109
52 193
109 32
109 320
109 57
32 111
32 122
111 187
187 326
187 78
326 12 
326 266
12 78
78 64
78 94
64 43
64 239
43 301
43 237
301 320
320 137
320 331
137 50
137 294
137 324
50 294
50 157
294 324
294 262
324 217
324 197
197 80
80 243
243 339
86 209
86 321
209 73
209 231
209 125
73 103
73 161
103 150
150 194
150 161
150 290
194 290
290 258
290 44
258 300
258 163
300 112
300 276
300 220
220 55
220 325
55 130
130 292
130 233
292 233
233 79
233 44
79 283
79 254
283 60
60 260
60 136
260 288
260 136
88 141
141 44
141 34
44 250
44 171
250 24
34 203
34 13
203 126
126 329
126 261
329 132
329 316
132 289
132 189
189 175 
189 149
149 48
48 299
48 35
48 221
221 162
221 35
221 299
162 316
316 92
316 253
92 5
92 335
5 143
5 15
143 15
143 185
15 157
157 74
157 106
157 308
74 242 
242 324
324 197
142 69
142 226
69 10
69 323
10 154
10 123
154 174
324 197
142 69
142 226
69 10
69 323
10 154
10 123
154 174
142 226
142 69
226 327
226 69
327 204
327 190
327 47
204 165
204 47
165 248
248 58
248 235
58 235
235 133
133 264
133 198
133 285
264 182
182 23
182 84
23 84
84 270
84 40
270 314
314 102
314 128
314 302
102 240
240 128
240 302
128 75
75 213
75 90
213 336
336 333
333 39
333 141
39 218
39 169
218 319
218 265
218 169
319 17
319 116
17 105
105 303
105 247
273 281
273 51
273 135
281 168
281 135
168 26
168 99
168 36
26 36
26 202
36 330
330 202
202 16
16 180
16 93
180 86
180 258
86 321
86 209
321 44
321 258
44 250
44 171
250 34
34 13
34 203
13 115
13 25
13 179
115 170
170 155
170 291
155 203
203 126
126 261
126 329
261 176
261 66
176 66
66 306
66 18
66 201
306 172
172 153
172 255
153 18
18 337
337 284
337 223
284 11
11 92
11 329
11 2
92 335
92 5
335 185
335 15
185 89
185 253
89 207
89 145
207 253
253 52
253 109
52 193
52 109
193 257
257 109
109 57
109 320
109 32
57 287
287 195
287 29
195 187
187 78
187 326
78 94
78 64
94 239
94 43
239 183
183 72
72 280
280 320
320 331
320 137
331 97
331 104
97 230
230 56
230 277
230 151
56 117
56 313
117 27
27 104
27 137
104 118
104 296
118 21
118 4
21 259
259 54
259 120
54 120
120 296
296 324
324 216
324 197
197 80
80 243
243 339

